
Resolved method descriptor:
// Perform inference using a specific model.
rpc ModelInfer ( .inference.ModelInferRequest ) returns ( .inference.ModelInferResponse );

Request metadata to send:
(empty)

Response headers received:
content-type: application/grpc
grpc-accept-encoding: identity, deflate, gzip

Estimated response size: 4066 bytes

Response contents:
{
  "modelName": "mobilenet_v2",
  "outputs": [
    {
      "name": "output-0",
      "datatype": "FP32",
      "shape": [
        "1",
        "1000"
      ],
      "parameters": {
        "content_type": {
          "stringParam": "np"
        }
      },
      "contents": {
        "fp32Contents": [
          2.9742554e-05,
          0.00014953595,
          6.463668e-05,
          2.4163008e-05,
          1.2381008e-05,
          4.994826e-05,
          2.0921292e-05,
          5.641675e-05,
          8.876692e-05,
          1.4824174e-05,
          5.9949798e-05,
          0.00010015546,
          9.64531e-06,
          1.4613176e-05,
          2.9699047e-05,
          1.0292279e-05,
          1.3888992e-05,
          1.7521286e-05,
          1.5192371e-05,
          2.6307458e-05,
          2.2310736e-05,
          1.8326864e-05,
          3.3901986e-05,
          4.5615016e-05,
          1.7838038e-05,
          6.539043e-05,
          2.414854e-05,
          2.0341433e-05,
          4.0553852e-05,
          2.6882102e-05,
          2.9562278e-05,
          3.0734573e-05,
          2.6836868e-05,
          3.621677e-05,
          4.569504e-05,
          2.7098731e-05,
          8.975651e-05,
          1.9052562e-05,
          1.9248253e-05,
          1.8961515e-05,
          1.0747105e-05,
          1.9156303e-05,
          4.8709015e-05,
          2.9143674e-05,
          8.498435e-06,
          5.479495e-05,
          2.3512193e-05,
          3.9486317e-06,
          1.5152033e-05,
          3.2320237e-05,
          7.401269e-06,
          9.0056055e-06,
          2.0244648e-05,
          5.988877e-05,
          4.5616216e-06,
          3.061726e-05,
          4.342494e-05,
          3.1094016e-05,
          1.2322805e-05,
          1.5183291e-05,
          2.390978e-05,
          1.41078735e-05,
          2.1759039e-05,
          2.535681e-05,
          4.6645782e-05,
          5.5241144e-05,
          3.006891e-05,
          1.8645695e-05,
          2.7536133e-05,
          0.00011546075,
          2.0176283e-05,
          5.0606675e-05,
          8.055027e-05,
          2.4391175e-05,
          5.1273924e-05,
          6.2571235e-05,
          1.1988977e-05,
          2.9512785e-05,
          3.3116838e-05,
          5.1401363e-05,
          1.7772916e-05,
          3.40742e-05,
          8.985514e-06,
          6.822387e-05,
          1.5317108e-05,
          1.5219795e-05,
          6.22338e-05,
          0.00013141982,
          5.2903142e-05,
          9.455497e-06,
          2.1474509e-05,
          2.2617969e-05,
          2.5927995e-05,
          2.0772206e-05,
          3.8407157e-05,
          2.5700227e-05,
          4.4453252e-05,
          1.4025505e-05,
          2.3805711e-05,
          1.8921844e-05,
          1.5260899e-05,
          1.5350317e-05,
          1.29999435e-05,
          1.187155e-05,
          6.871171e-06,
          2.2319036e-05,
          1.0929316e-05,
          5.4097927e-05,
          1.6102636e-05,
          2.1891105e-05,
          3.1252468e-05,
          9.893128e-06,
          4.829487e-06,
          2.4491028e-05,
          7.1733853e-06,
          1.550409e-05,
          1.3610916e-05,
          1.9032714e-05,
          9.596955e-06,
          2.5174075e-05,
          2.5306152e-05,
          1.1949824e-05,
          0.00013358833,
          1.5118905e-05,
          3.080697e-05,
          4.764183e-05,
          1.0889209e-05,
          5.4369208e-05,
          6.9345035e-05,
          1.6601689e-05,
          2.6617865e-05,
          1.37103425e-05,
          2.259684e-05,
          2.5001236e-05,
          8.504435e-06,
          6.87376e-06,
          5.0980056e-05,
          1.3294872e-05,
          2.7858647e-05,
          2.8444707e-05,
          7.4938835e-05,
          8.363714e-05,
          1.6029337e-05,
          3.3844713e-05,
          2.1603028e-06,
          3.6220165e-06,
          6.8929476e-06,
          9.012092e-06,
          1.303351e-05,
          1.612538e-05,
          8.206198e-06,
          3.134273e-05,
          0.00080210343,
          0.0006463739,
          0.08710803,
          0.82172763,
          0.00029612822,
          0.0014173455,
          8.4542036e-05,
          4.537054e-05,
          0.00015608036,
          0.00014097983,
          2.950572e-05,
          3.3595457e-05,
          8.687892e-05,
          4.4095115e-05,
          2.9373989e-05,
          6.287064e-06,
          2.9405071e-05,
          0.00011190894,
          2.0799165e-05,
          6.40397e-06,
          2.1471744e-05,
          1.17113195e-05,
          2.3646215e-05,
          0.00034155155,
          3.2440796e-05,
          4.868498e-06,
          1.1794407e-05,
          9.75627e-06,
          8.693934e-05,
          8.06224e-06,
          2.288037e-05,
          7.046669e-05,
          2.4531702e-05,
          7.410463e-05,
          3.0735362e-05,
          0.0003050225,
          0.00019666947,
          6.2077165e-06,
          0.00021796225,
          6.4667205e-05,
          4.3593987e-05,
          0.00028057248,
          0.00023587463,
          3.182963e-05,
          2.3254874e-05,
          6.541645e-05,
          3.920256e-05,
          1.0123362e-05,
          0.0076916786,
          0.00016081541,
          0.00018292177,
          2.0063535e-05,
          0.03472108,
          2.9852458e-06,
          1.8878081e-05,
          2.1926455e-05,
          1.3663599e-05,
          3.202248e-05,
          2.5166464e-05,
          2.6259982e-05,
          0.0005562957,
          1.9353713e-06,
          9.671874e-06,
          0.0001087255,
          0.0005130885,
          5.8563463e-05,
          1.62289e-05,
          8.796206e-05,
          4.0872306e-05,
          1.3663314e-05,
          2.9985695e-05,
          7.3684855e-06,
          5.619399e-06,
          2.9471455e-06,
          0.00058104657,
          2.613106e-06,
          6.717546e-06,
          0.0028015096,
          0.0016499977,
          0.0003384195,
          1.5551508e-05,
          2.7970058e-05,
          2.1908896e-05,
          3.985522e-06,
          1.0776643e-05,
          8.478893e-06,
          5.226417e-05,
          0.00038165515,
          2.157059e-05,
          1.3751251e-05,
          9.173986e-05,
          8.492612e-05,
          0.0003632318,
          1.6258598e-05,
          0.00028438674,
          0.0006364053,
          1.536461e-05,
          6.2049905e-05,
          1.8408371e-05,
          9.736532e-05,
          0.00012671504,
          1.0148291e-05,
          4.874633e-05,
          1.6307871e-05,
          3.236311e-05,
          0.000441871,
          8.576377e-06,
          0.0010315982,
          7.485412e-05,
          7.881704e-05,
          4.1229818e-05,
          0.00013438067,
          2.1736763e-05,
          4.6230594e-05,
          8.315739e-05,
          2.9515262e-05,
          1.072369e-05,
          1.1795235e-06,
          4.3786886e-06,
          5.1639777e-06,
          1.4164292e-05,
          2.0290893e-06,
          7.020431e-06,
          3.2771964e-05,
          2.6290052e-05,
          6.9076355e-06,
          7.839293e-06,
          3.3547667e-06,
          3.8098979e-06,
          7.788267e-05,
          2.1611257e-05,
          0.0014978099,
          2.7603624e-05,
          8.72067e-06,
          2.248497e-05,
          1.8305956e-05,
          3.6732905e-05,
          2.7877728e-05,
          9.519157e-06,
          5.3102955e-05,
          4.395317e-05,
          2.0259811e-05,
          6.0892858e-06,
          9.949206e-06,
          6.3921334e-06,
          2.2709892e-05,
          1.2491425e-05,
          1.3898453e-05,
          1.6831653e-05,
          1.222257e-05,
          1.9631445e-05,
          3.793907e-05,
          1.0887672e-05,
          1.2599174e-05,
          2.3728013e-05,
          1.1051253e-05,
          6.1130836e-06,
          1.8392822e-05,
          8.6727756e-05,
          9.556141e-06,
          7.314616e-06,
          1.0894174e-05,
          1.4854913e-05,
          1.8808285e-05,
          3.8371058e-05,
          1.214332e-05,
          3.086013e-05,
          3.6059202e-05,
          2.4175848e-05,
          2.1688227e-05,
          5.590393e-05,
          7.421446e-05,
          1.7284852e-05,
          4.5447232e-05,
          3.0140427e-05,
          8.259733e-05,
          2.2477318e-05,
          3.465105e-05,
          1.7954968e-05,
          4.595492e-06,
          0.002457261,
          6.3827196e-05,
          2.1142525e-05,
          6.930255e-06,
          3.4786503e-05,
          1.4356535e-05,
          0.0006584891,
          1.2352384e-05,
          3.385104e-05,
          4.9993982e-06,
          2.049506e-06,
          2.15223e-05,
          7.390725e-06,
          2.4244142e-05,
          6.0080783e-06,
          1.182246e-05,
          7.4417253e-06,
          1.0494305e-05,
          5.985283e-06,
          2.8124205e-05,
          1.15912935e-05,
          6.353352e-06,
          8.77349e-06,
          2.7060407e-05,
          1.6752814e-05,
          3.561896e-06,
          2.8485862e-05,
          9.235301e-05,
          3.3994659e-06,
          0.00038125843,
          9.558054e-06,
          9.376636e-06,
          7.668328e-06,
          8.419715e-06,
          8.036953e-06,
          8.946275e-06,
          1.6240976e-05,
          1.2714299e-05,
          1.5014731e-05,
          3.439228e-05,
          1.1963029e-05,
          4.3329215e-05,
          1.2526199e-05,
          1.544715e-05,
          1.7085253e-05,
          4.8940383e-05,
          3.7216156e-05,
          1.1346725e-05,
          2.6637419e-05,
          9.7666125e-06,
          1.6269594e-05,
          1.5441969e-05,
          9.647279e-06,
          1.521122e-05,
          1.3730467e-05,
          5.2621485e-06,
          9.003227e-06,
          1.929694e-05,
          1.2872026e-05,
          7.671371e-06,
          3.190731e-05,
          1.2287564e-05,
          2.4666195e-05,
          1.4019434e-05,
          2.4843373e-05,
          3.8355396e-05,
          3.120815e-05,
          2.706767e-06,
          3.8050744e-05,
          2.0540758e-05,
          1.5917143e-05,
          2.0820935e-05,
          5.5331726e-05,
          1.3790058e-05,
          3.1508163e-05,
          8.387093e-05,
          6.2580184e-05,
          6.9681632e-06,
          3.540045e-05,
          1.3219771e-05,
          2.5158426e-05,
          1.634923e-05,
          6.4438773e-06,
          1.19685055e-05,
          2.0276104e-05,
          2.6531572e-05,
          1.2932626e-05,
          8.2633414e-05,
          2.7807182e-05,
          1.633631e-05,
          3.1983323e-05,
          1.9401197e-05,
          4.910155e-06,
          5.773517e-06,
          3.2089123e-05,
          4.5138222e-05,
          3.5976005e-05,
          1.4434597e-05,
          3.086793e-05,
          2.8498687e-05,
          5.7466194e-05,
          1.824572e-05,
          3.187606e-06,
          3.5196401e-06,
          6.2306876e-06,
          2.8968383e-05,
          1.0594855e-05,
          2.5420464e-05,
          8.571725e-06,
          7.066019e-06,
          5.2893763e-05,
          3.575863e-05,
          3.8133865e-05,
          4.652222e-06,
          1.8571762e-05,
          1.2312068e-05,
          3.286586e-05,
          4.3331118e-05,
          6.594337e-06,
          1.6581247e-05,
          1.5279174e-05,
          2.4669442e-05,
          1.0785382e-05,
          6.4977194e-06,
          3.4040975e-05,
          2.8623685e-05,
          6.754845e-06,
          1.688846e-05,
          0.00011111909,
          4.277311e-05,
          1.3425762e-05,
          7.093654e-06,
          2.321923e-06,
          1.438282e-05,
          3.5342568e-05,
          1.0924606e-05,
          1.8784085e-05,
          0.00010647959,
          4.6133657e-05,
          3.6225993e-05,
          7.1157765e-06,
          1.2207636e-05,
          1.3726959e-05,
          3.2899854e-05,
          0.00010145936,
          0.0003596422,
          5.2279076e-05,
          2.7989428e-05,
          2.3064398e-05,
          2.9243763e-05,
          9.910343e-06,
          3.442572e-05,
          1.7079927e-05,
          1.43728785e-05,
          2.1795237e-05,
          4.2154777e-05,
          0.00012540333,
          2.232787e-05,
          0.00013790066,
          2.7864708e-05,
          5.8173813e-05,
          1.0255459e-05,
          3.362761e-05,
          2.085804e-05,
          8.466234e-05,
          2.4205285e-05,
          9.079332e-05,
          1.0350126e-05,
          3.7881982e-05,
          1.2481053e-05,
          9.3869385e-05,
          1.2225613e-05,
          3.0765215e-05,
          4.295072e-05,
          3.0150171e-05,
          3.290271e-05,
          2.724597e-05,
          3.5530564e-05,
          1.7227616e-05,
          7.2695715e-05,
          4.5989047e-05,
          1.4662425e-05,
          1.6322028e-05,
          9.0110305e-05,
          6.5368135e-06,
          1.3646996e-05,
          6.672741e-05,
          2.0515914e-05,
          7.3477145e-06,
          2.8358725e-06,
          4.8927737e-05,
          5.909113e-06,
          1.8250994e-05,
          8.48192e-05,
          3.7279566e-05,
          5.6421295e-06,
          2.5798552e-05,
          6.2260247e-06,
          3.60257e-06,
          3.9161214e-06,
          2.5739057e-05,
          5.356995e-05,
          5.220162e-06,
          1.6731403e-05,
          2.140354e-05,
          2.5542528e-05,
          1.6825972e-05,
          8.309809e-05,
          1.6989423e-05,
          2.025552e-05,
          2.6517077e-05,
          2.328905e-05,
          4.2024003e-05,
          2.2938377e-05,
          3.3237386e-05,
          1.9007663e-05,
          2.0655063e-05,
          1.4903045e-05,
          3.3519227e-05,
          2.0108666e-05,
          0.00013181797,
          4.8954294e-05,
          5.632192e-05,
          5.6657816e-05,
          5.0884046e-06,
          1.1623529e-05,
          2.6861882e-05,
          7.214879e-06,
          3.4819896e-05,
          3.1224616e-05,
          2.0470125e-05,
          2.2837925e-05,
          6.169131e-06,
          1.4238714e-05,
          3.515546e-05,
          2.5555102e-05,
          3.503654e-05,
          3.513934e-05,
          9.271276e-06,
          2.594568e-05,
          1.7894625e-05,
          6.511295e-05,
          1.2222116e-05,
          3.6561265e-05,
          8.038763e-06,
          1.0281879e-05,
          1.2340586e-05,
          1.2561441e-05,
          1.7135904e-05,
          1.5635798e-05,
          1.44954465e-05,
          1.05569925e-05,
          3.3751658e-05,
          7.4638134e-05,
          2.5971724e-05,
          5.9131406e-05,
          2.9211877e-05,
          1.4757468e-05,
          4.0105857e-05,
          9.978502e-06,
          3.66897e-05,
          7.122966e-06,
          4.084994e-05,
          4.58181e-05,
          8.976426e-06,
          1.2381551e-05,
          2.0200408e-05,
          3.7404563e-05,
          0.00012476859,
          8.293181e-06,
          9.379069e-06,
          2.7022677e-05,
          8.036458e-05,
          1.4357782e-05,
          1.0496918e-05,
          2.4553634e-05,
          5.365756e-06,
          6.202228e-05,
          2.6094793e-05,
          0.00010089739,
          2.3152263e-05,
          7.706294e-05,
          2.1819988e-05,
          5.4269453e-06,
          0.0002973276,
          6.8805743e-06,
          7.385952e-05,
          1.6013508e-05,
          4.2900243e-05,
          1.6342994e-05,
          1.3273777e-05,
          1.3504544e-05,
          2.6973139e-05,
          4.2870346e-05,
          3.0067218e-05,
          2.7736332e-05,
          1.9956728e-05,
          2.8349084e-05,
          7.674166e-06,
          2.170473e-06,
          3.135672e-05,
          7.2942266e-06,
          1.28765305e-05,
          3.5992445e-05,
          3.491563e-05,
          1.66262e-05,
          1.692756e-05,
          3.1853528e-05,
          3.1212174e-05,
          2.5901056e-05,
          3.2376476e-05,
          1.2477721e-05,
          5.1817202e-05,
          3.0182422e-05,
          6.704475e-05,
          5.063207e-05,
          6.5368754e-06,
          3.2396525e-05,
          9.526513e-06,
          2.1097047e-05,
          6.318223e-06,
          2.2445507e-05,
          8.0594684e-05,
          8.502675e-06,
          1.5118487e-05,
          4.9358532e-05,
          2.8554077e-05,
          9.8245955e-06,
          1.5068855e-05,
          0.00010253518,
          4.433557e-06,
          3.0939564e-06,
          8.021348e-06,
          3.1188127e-05,
          5.593331e-05,
          4.684894e-05,
          9.344749e-06,
          2.0205223e-05,
          1.194432e-05,
          3.673038e-05,
          1.6648508e-05,
          2.2963788e-05,
          8.772243e-06,
          1.0642866e-05,
          2.7693513e-05,
          2.3200424e-05,
          2.735188e-05,
          9.0580565e-05,
          0.00019037822,
          4.3986274e-06,
          3.7452213e-05,
          1.4077337e-05,
          2.6365728e-05,
          2.3490946e-05,
          4.961787e-05,
          7.1827475e-05,
          6.514345e-05,
          9.239579e-06,
          1.7592949e-05,
          6.190049e-05,
          6.1333353e-06,
          7.299499e-05,
          7.584092e-05,
          0.000105362284,
          2.0981355e-05,
          5.391118e-05,
          5.9078793e-06,
          8.04239e-06,
          1.053986e-05,
          1.8083852e-05,
          1.1874155e-05,
          3.951508e-05,
          3.4319088e-05,
          6.0157694e-05,
          1.0932496e-05,
          1.51311515e-05,
          2.150022e-06,
          4.883483e-05,
          6.530458e-06,
          6.3648995e-06,
          7.326623e-05,
          1.4459975e-05,
          4.805388e-05,
          5.1123943e-06,
          4.350403e-05,
          5.4879303e-05,
          2.6301563e-05,
          1.1316661e-05,
          1.560523e-05,
          1.2803831e-05,
          4.1379266e-05,
          2.1793949e-05,
          1.2921987e-05,
          1.1497788e-05,
          3.3056727e-05,
          5.419604e-05,
          5.0433668e-05,
          1.1547259e-05,
          1.9216062e-05,
          2.3362416e-05,
          1.7387521e-05,
          1.5020775e-05,
          4.9142756e-05,
          1.9199559e-05,
          2.338212e-05,
          2.0505116e-05,
          1.3878188e-05,
          1.6480319e-05,
          3.269202e-05,
          5.153764e-06,
          1.755693e-05,
          7.789073e-06,
          5.3232812e-05,
          2.1237222e-05,
          9.44833e-06,
          2.3403893e-05,
          2.8324843e-05,
          1.4383204e-05,
          2.9377576e-05,
          0.00018469308,
          1.0732274e-05,
          2.8606435e-05,
          8.086396e-06,
          6.215904e-06,
          3.0095043e-05,
          5.195328e-05,
          2.3056964e-05,
          3.5067027e-05,
          1.1179315e-05,
          4.532716e-05,
          1.9172003e-05,
          1.1233338e-05,
          4.5749052e-06,
          6.7657835e-05,
          3.840884e-05,
          5.0224586e-05,
          1.0996448e-05,
          4.699016e-05,
          3.5163575e-05,
          9.387785e-06,
          2.920157e-05,
          5.7435398e-05,
          2.5342812e-05,
          1.4051129e-05,
          2.3328173e-05,
          2.0178342e-05,
          3.4814625e-06,
          3.795807e-05,
          3.6724217e-05,
          2.1707947e-05,
          1.7188082e-05,
          4.372675e-06,
          5.6158497e-05,
          6.8867295e-05,
          1.5718448e-05,
          9.063773e-06,
          3.5724235e-05,
          1.2852596e-05,
          9.090419e-06,
          8.104589e-05,
          3.658732e-05,
          3.698342e-05,
          1.3622901e-05,
          5.991248e-05,
          1.2748916e-05,
          1.1216168e-05,
          1.891259e-05,
          1.3355564e-05,
          0.00010156837,
          3.4928882e-05,
          2.3936042e-05,
          1.1672171e-05,
          3.573812e-06,
          1.5189867e-05,
          1.6066955e-05,
          9.293105e-06,
          0.00016236771,
          3.520815e-06,
          1.4210769e-05,
          9.324198e-05,
          2.9449793e-06,
          2.2780476e-05,
          2.7280214e-05,
          4.5816352e-05,
          9.5560994e-05,
          5.247528e-05,
          1.1337433e-05,
          8.398864e-06,
          2.3664172e-05,
          1.5449199e-05,
          3.4524848e-05,
          2.496876e-05,
          3.0506446e-05,
          2.768237e-05,
          2.5816764e-05,
          5.970332e-05,
          1.9450643e-05,
          3.43094e-05,
          1.1632411e-05,
          1.1982827e-05,
          5.3518243e-06,
          4.3823668e-05,
          3.6400231e-06,
          1.47765795e-05,
          8.189359e-06,
          1.0102087e-05,
          2.556151e-05,
          3.096163e-05,
          1.0921169e-05,
          9.498744e-06,
          1.5669117e-05,
          2.7941263e-05,
          6.6888624e-06,
          2.2713792e-05,
          9.262951e-06,
          4.7033962e-05,
          5.6319503e-05,
          3.879945e-05,
          9.967793e-06,
          2.033701e-05,
          3.177122e-05,
          5.2251562e-05,
          2.5843738e-05,
          2.238136e-05,
          1.4501862e-05,
          9.018971e-06,
          4.6087967e-05,
          2.7401693e-05,
          0.00017678177,
          7.0351493e-06,
          9.710432e-06,
          1.8231076e-05,
          4.016143e-05,
          1.6420796e-05,
          6.739959e-05,
          1.9068231e-05,
          1.1545487e-05,
          2.92022e-06,
          1.00372745e-05,
          6.3178944e-05,
          2.0934885e-05,
          1.5979838e-05,
          4.7123533e-05,
          1.4005696e-05,
          1.6202253e-05,
          8.829126e-05,
          7.1559753e-06,
          1.214858e-05,
          0.00010354722,
          8.443356e-06,
          6.3017883e-06,
          3.5712155e-06,
          3.8022703e-05,
          3.8149337e-06,
          4.100572e-05,
          5.773754e-06,
          3.5747922e-05,
          3.0263414e-05,
          1.35369855e-05,
          9.269304e-06,
          8.124035e-05,
          7.687268e-05,
          7.2992093e-06,
          1.7987222e-05,
          1.08938e-05,
          2.3231178e-05,
          7.319017e-05,
          1.5317006e-05,
          3.309922e-05,
          1.6871156e-05,
          6.4172245e-06,
          3.3261516e-05,
          7.423459e-06,
          1.890994e-05,
          2.1384567e-05,
          2.4427e-05,
          1.5532965e-05,
          5.159695e-06,
          2.5716115e-05,
          9.888978e-06,
          1.2132879e-05,
          2.5011683e-05,
          5.4359534e-06,
          2.2078584e-05,
          2.8573335e-05,
          5.8114536e-05,
          2.782774e-05,
          7.511623e-06,
          1.657987e-05,
          3.3087617e-06,
          2.691753e-05,
          4.0321196e-05,
          1.7527069e-05,
          2.8061913e-05,
          2.2742663e-05,
          6.961399e-05,
          1.0428289e-05,
          1.13753385e-05,
          2.1778367e-05,
          5.687217e-06,
          6.3953767e-06,
          2.3530161e-05,
          1.1597839e-05,
          6.4447166e-05,
          1.1214959e-05,
          3.9998486e-05,
          1.1206555e-05,
          1.7775332e-06,
          1.0686396e-05,
          5.653761e-05,
          1.241229e-05,
          2.9111507e-05,
          6.86259e-05,
          1.7956647e-05,
          1.2613925e-05,
          3.9103215e-06,
          1.0427603e-05,
          2.2029557e-05,
          4.030857e-06,
          3.7698435e-05,
          2.3370616e-05,
          5.8713085e-06,
          2.7203844e-06,
          3.5277506e-05,
          5.728961e-05,
          1.383243e-05,
          4.736289e-06,
          8.039583e-06,
          2.0034302e-05,
          1.977655e-05,
          9.097143e-05,
          2.5156316e-05,
          9.299324e-05,
          1.0548005e-05,
          7.011793e-06,
          2.7427812e-05,
          3.4149773e-05,
          2.6062782e-05,
          4.6920617e-05,
          2.012006e-05,
          3.148984e-05,
          4.8871984e-06,
          2.4775301e-05,
          5.76877e-05,
          8.21382e-05,
          7.5031225e-05,
          7.613078e-05,
          3.0922525e-05,
          0.00023238367,
          1.7690023e-05,
          3.2135307e-05,
          9.871065e-06,
          7.884139e-05,
          1.0135921e-05,
          2.7981716e-05,
          5.5396566e-05,
          2.6500693e-05,
          2.4184841e-05,
          9.374312e-06,
          9.447845e-06,
          2.4981004e-05,
          2.0232874e-05,
          4.5878613e-05,
          6.7256938e-06,
          8.172273e-06,
          3.135759e-05,
          1.6109949e-05,
          1.5809626e-05
        ]
      }
    }
  ]
}

Response trailers received:
ce-endpoint: mobilenet_v2
ce-inferenceservicename: mlserver
ce-modelid: mobilenet_v2
ce-source: io.seldon.serving.deployment.mlserver
ce-specversion: 0.3
ce-type: io.seldon.serving.inference.response
Sent 1 request and received 1 response
